<?xml version="1.0"?>
<opencv_storage>
<one_x>3.6999925639520211e+002</one_x>
<one_y>5.7849997037617891e+002</one_y>
<two_x>4.2649970115376783e+002</two_x>
<two_y>4.7400020455151628e+002</two_y>
<three_x>8.3900055935883290e+002</three_x>
<three_y>4.7350021043274643e+002</three_y>
<four_x>9.1450004322865084e+002</four_x>
<four_y>5.7949991401582884e+002</four_y>
<five_x>-3.0956595226845128e+001</five_x>
<five_y>1.2814095111316901e+003</five_y>
<six_x>1.4606018418322392e+003</six_x>
<six_y>1.3151492455386626e+003</six_y>
</opencv_storage>
