<?xml version="1.0"?>
<opencv_storage>
<comprehensiveParameters>
  3.1807900000000000e-001 9.6635299999999993e-002
  -4.8396999999999997e-003 2.3091899999999999e-002
  -9.3867100000000001e-006 1.5981799999999999e-004
  6.4010299999999995e+002 5.7899599999999998e+002</comprehensiveParameters>
<Distance_of_2_near_circles>1680</Distance_of_2_near_circles>
<Distance_of_2_far_circles>1680</Distance_of_2_far_circles>
<Distance_of_2_vertical_circles>2000</Distance_of_2_vertical_circles>
<Distance_from_car_to_original_coordinate>3900</Distance_from_car_to_original_coordinate>
<car_front_width>1730</car_front_width>
<Extand_width>1000</Extand_width>
</opencv_storage>
